[
    {
        "pk": 3, 
        "model": "stations.route", 
        "fields": {
            "geometry": "LINESTRING (234379.6005331709457096 902812.3100379405077547, 234048.5249088877171744 902863.2414778356906027, 233833.4784739632741548 902894.5589198153465986, 233709.7745781443663873 902912.3054702663794160, 233640.8762057901767548 902924.8324470610823482, 233571.9778334350266960 902946.7546564438380301, 233472.8059338343737181 902990.5990752177312970, 233336.9218307144183200 903074.4861306167440489)", 
            "segment": "Union Square."
        }
    }, 
    {
        "pk": 4, 
        "model": "stations.route", 
        "fields": {
            "geometry": "LINESTRING (234773.3106445022858679 902402.3507916978560388, 234537.3259445450385101 902674.5779885726515204, 234379.6005331709457096 902812.3100379405077547, 234246.3660824803810101 902992.5593151091597974, 234133.6232913523854222 903151.2343544731847942, 233935.1168053379515186 903457.8852263238513842, 233753.6383286703203339 903689.7551678853342310, 233626.9766744436929002 903874.8760471378918737, 233559.2962026098684873 903964.3047425680560991, 233513.3639543734025210 904017.5443939341930673, 233460.1243030085752252 904080.1792778895469382, 233374.5232949318306055 904144.9019913155352697, 233319.5995824141136836 904175.0984819738660008, 233134.9448637897730805 904291.2588368315482512, 232942.8645529822970275 904407.1333721575792879, 232809.2434672047093045 904487.7235895158955827, 232712.1593970683752559 904544.0949850823963061, 232655.7880015053669922 904585.8515743868192658, 232574.3626523592683952 904657.8816909472225234, 232505.9862373708456289 904730.1205904377857223, 232450.4557739645533729 904818.1869501083856449, 232368.1894926621462218 904966.0453200144693255, 232149.4893561730277725 905362.8373098905431107, 232081.4918851769180037 905491.1562965621706098, 231942.7942391097312793 905720.6912802434526384, 231755.9335019654536154 906068.7324521081754938, 231683.9033854129374959 906195.0461347567616031, 231597.5221682461269666 906333.7979561667889357, 231517.3989855558611453 906486.8203025285620242, 231451.6323573995032348 906588.9151633837027475, 231347.2408841347205453 906707.9214429038111120, 231235.5420077420712914 906831.1033813473768532, 231071.9523235315573402 907019.9585867674322799, 230641.1343170132022351 907468.9756819939939305)", 
            "segment": "Route 16"
        }
    }, 
    {
        "pk": 1, 
        "model": "stations.radius", 
        "fields": {
            "geometry": "POLYGON ((-71.095166 42.384708, -71.094859 42.384703, -71.094552 42.384691, -71.094246 42.384672, -71.093941 42.384646, -71.093638 42.384613, -71.093335 42.384573, -71.093035 42.384526, -71.092737 42.384472, -71.092441 42.384411, -71.092148 42.384343, -71.091858 42.384268, -71.091572 42.384186, -71.091289 42.384098, -71.091009 42.384004, -71.090734 42.383903, -71.090464 42.383795, -71.090198 42.383681, -71.089937 42.383562, -71.089681 42.383436, -71.089431 42.383304, -71.089186 42.383166, -71.088948 42.383023, -71.088715 42.382875, -71.088489 42.382721, -71.088270 42.382562, -71.088057 42.382397, -71.087852 42.382228, -71.087654 42.382055, -71.087463 42.381876, -71.087280 42.381694, -71.087104 42.381507, -71.086937 42.381316, -71.086778 42.381121, -71.086627 42.380923, -71.086485 42.380721, -71.086351 42.380517, -71.086226 42.380309, -71.086110 42.380098, -71.086003 42.379885, -71.085905 42.379669, -71.085816 42.379451, -71.085737 42.379232, -71.085666 42.379010, -71.085606 42.378787, -71.085554 42.378563, -71.085513 42.378337, -71.085480 42.378111, -71.085458 42.377884, -71.085445 42.377656, -71.085441 42.377429, -71.085448 42.377201, -71.085464 42.376974, -71.085489 42.376747, -71.085524 42.376521, -71.085569 42.376296, -71.085623 42.376072, -71.085687 42.375849, -71.085760 42.375628, -71.085843 42.375409, -71.085934 42.375192, -71.086035 42.374977, -71.086145 42.374765, -71.086264 42.374555, -71.086392 42.374348, -71.086528 42.374144, -71.086673 42.373943, -71.086826 42.373746, -71.086988 42.373553, -71.087158 42.373363, -71.087335 42.373178, -71.087521 42.372996, -71.087714 42.372819, -71.087914 42.372647, -71.088122 42.372479, -71.088337 42.372317, -71.088558 42.372159, -71.088786 42.372007, -71.089020 42.371860, -71.089261 42.371718, -71.089507 42.371583, -71.089759 42.371453, -71.090016 42.371329, -71.090279 42.371211, -71.090546 42.371099, -71.090818 42.370993, -71.091094 42.370894, -71.091375 42.370802, -71.091659 42.370715, -71.091946 42.370636, -71.092237 42.370563, -71.092531 42.370497, -71.092827 42.370438, -71.093126 42.370386, -71.093427 42.370341, -71.093729 42.370303, -71.094034 42.370272, -71.094339 42.370248, -71.094645 42.370232, -71.094951 42.370222, -71.095258 42.370219, -71.095565 42.370224, -71.095872 42.370236, -71.096177 42.370255, -71.096482 42.370281, -71.096786 42.370314, -71.097088 42.370354, -71.097388 42.370401, -71.097686 42.370456, -71.097982 42.370517, -71.098275 42.370585, -71.098565 42.370659, -71.098851 42.370741, -71.099134 42.370829, -71.099414 42.370923, -71.099688 42.371025, -71.099959 42.371132, -71.100225 42.371246, -71.100486 42.371365, -71.100742 42.371491, -71.100992 42.371623, -71.101236 42.371761, -71.101475 42.371904, -71.101707 42.372052, -71.101934 42.372206, -71.102153 42.372365, -71.102365 42.372529, -71.102571 42.372699, -71.102769 42.372872, -71.102960 42.373051, -71.103143 42.373233, -71.103318 42.373420, -71.103486 42.373611, -71.103645 42.373805, -71.103796 42.374004, -71.103938 42.374205, -71.104072 42.374410, -71.104197 42.374618, -71.104313 42.374828, -71.104420 42.375042, -71.104518 42.375257, -71.104607 42.375475, -71.104687 42.375695, -71.104757 42.375917, -71.104818 42.376140, -71.104869 42.376364, -71.104911 42.376589, -71.104943 42.376816, -71.104966 42.377043, -71.104979 42.377270, -71.104982 42.377498, -71.104976 42.377725, -71.104960 42.377952, -71.104935 42.378179, -71.104900 42.378405, -71.104855 42.378630, -71.104801 42.378854, -71.104737 42.379077, -71.104664 42.379298, -71.104582 42.379517, -71.104490 42.379735, -71.104389 42.379950, -71.104280 42.380162, -71.104161 42.380372, -71.104033 42.380579, -71.103897 42.380783, -71.103752 42.380983, -71.103599 42.381181, -71.103437 42.381374, -71.103267 42.381564, -71.103090 42.381749, -71.102904 42.381931, -71.102711 42.382108, -71.102511 42.382280, -71.102303 42.382447, -71.102088 42.382610, -71.101867 42.382768, -71.101639 42.382920, -71.101405 42.383067, -71.101164 42.383209, -71.100918 42.383344, -71.100666 42.383474, -71.100409 42.383598, -71.100146 42.383716, -71.099879 42.383828, -71.099607 42.383934, -71.099330 42.384033, -71.099050 42.384126, -71.098766 42.384212, -71.098478 42.384291, -71.098187 42.384364, -71.097894 42.384430, -71.097597 42.384489, -71.097298 42.384541, -71.096997 42.384586, -71.096695 42.384624, -71.096391 42.384655, -71.096085 42.384679, -71.095779 42.384696, -71.095473 42.384705, -71.095166 42.384708))", 
            "name": "Union Square Station"
        }
    },
    {
        "pk": 1, 
        "model": "stations.station", 
        "fields": {
            "name": "Union Square Station", 
            "geometry": "POINT (233359.917988 903069.525712)", 
            "route": 3, 
            "radius": 1, 
            "copy": "Various Union Square options were studied, and the State prefers that the Green Line follow the Fitchburg rail line and stop south of the square. If the stop is located here, which may not be ideal, it will be important to optimize pedestrian, bicycle and bus access.", 
            "slug": "union-square-station", 
            "users": []
        }
    }
]

            "geometry": "POINT (230621.1874689999967813 907489.9853179999627173)", 
